16 U 3 16
3 L 2 5
11 U 3 11
12 D 1 12
17 R 2 4
12 D 3 12
0 D 2 0
15 R 2 1
15 D 1 15
10 L 2 7
23 U 2 23
14 R 2 20
21 U 3 21
3 D 2 3
20 U 2 20
17 L 2 15
2 B 2 12
5 R 2 11
10 D 2 10
0 L 2 2
13 U 2 13
14 D 2 14
18 U 2 18
4 F 2 5
18 D 3 18
14 D 1 14
10 U 2 10
23 L 2 21
1 D 3 1
21 D 3 21
6 L 2 8
1 D 1 1
2 U 3 2
18 U 1 18
13 U 1 13
14 F 2 15
5 F 2 4
0 U 2 0
13 L 2 16
16 B 2 22
21 B 2 11
11 B 2 21
12 D 2 12
12 U 3 12
17 U 1 17
19 U 1 19
12 U 1 12
8 F 2 9
15 F 2 14
7 U 1 7
16 D 3 16
6 U 2 6
0 D 1 0
9 R 2 3
16 F 2 17
6 D 3 6
10 D 3 10
19 D 3 19
3 R 2 9
3 D 1 3
19 U 2 19
9 F 2 8
6 U 1 6
9 D 2 9
12 R 2 18
22 U 3 22
14 B 2 8
4 B 2 18
23 U 3 23
9 U 2 9
22 D 1 22
19 F 2 18
2 D 1 2
2 R 2 23
19 L 2 22
15 D 3 15
8 D 3 8
5 D 1 5
15 U 2 15
20 R 2 14
2 F 2 3
11 D 2 11
9 L 2 11
5 U 3 5
23 B 2 17
18 D 2 18
5 U 2 5
22 D 2 22
21 R 2 0
16 L 2 13
12 F 2 13
4 D 1 4
15 L 2 17
15 U 3 15
4 D 3 4
7 D 1 7
8 R 2 22
22 L 2 19
17 D 1 17
13 F 2 12
9 U 1 9
2 U 1 2
5 L 2 3
9 U 3 9
15 D 2 15
10 B 2 20
0 B 2 6
5 B 2 19
8 D 2 8
6 D 2 6
12 L 2 14
22 R 2 8
23 F 2 22
8 U 1 8
3 U 1 3
6 D 1 6
6 R 2 19
22 U 2 22
16 D 1 16
13 D 3 13
22 D 3 22
7 R 2 13
2 L 2 0
6 U 3 6
19 D 1 19
0 R 2 21
4 R 2 17
20 F 2 21
12 U 2 12
19 B 2 5
0 U 3 0
3 F 2 2
2 U 2 2
18 D 1 18
2 D 3 2
11 D 3 11
10 U 3 10
21 D 1 21
21 U 1 21
18 U 3 18
23 D 3 23
13 U 3 13
21 D 2 21
22 B 2 16
12 B 2 2
1 B 2 7
7 B 2 1
20 U 3 20
8 L 2 6
21 U 2 21
20 U 1 20
15 U 1 15
17 D 3 17
20 D 1 20
7 D 3 7
0 D 3 0
20 D 3 20
14 L 2 12
11 U 2 11
23 D 1 23
16 U 2 16
14 U 1 14
6 F 2 7
23 D 2 23
8 U 2 8
5 D 2 5
21 L 2 23
16 D 2 16
4 L 2 1
1 U 2 1
16 U 1 16
11 U 1 11
0 F 2 1
7 F 2 6
14 U 2 14
11 L 2 9
17 F 2 16
3 U 3 3
17 U 2 17
9 D 3 9
18 F 2 19
7 U 2 7
19 U 3 19
9 D 1 9
23 R 2 2
18 L 2 20
10 F 2 11
1 F 2 0
4 U 2 4
1 L 2 4
7 D 2 7
11 R 2 5
18 B 2 4
8 B 2 14
13 B 2 3
3 B 2 13
20 D 2 20
13 R 2 7
2 D 2 2
18 R 2 12
11 F 2 10
7 L 2 10
10 R 2 16
8 D 1 8
17 B 2 23
5 D 3 5
14 D 3 14
11 D 1 11
21 F 2 20
10 U 1 10
5 U 1 5
6 B 2 0
4 D 2 4
4 U 3 4
23 U 1 23
1 R 2 15
4 U 1 4
10 D 1 10
7 U 3 7
3 D 3 3
17 U 3 17
3 U 2 3
13 D 1 13
14 U 3 14
22 U 1 22
16 R 2 10
1 U 1 1
19 R 2 6
13 D 2 13
19 D 2 19
1 U 3 1
1 D 2 1
20 B 2 10
9 B 2 15
22 F 2 23
15 B 2 9
17 D 2 17
8 U 3 8
20 L 2 18
0 U 1 0
