8.630957841873169 24
15.463632345199585 26
0.9279682636260986 21
23.26889395713806 25
0.2937812805175781 23
1.7371206283569336 23
0.10477876663208008 20
0.7239251136779785 23
0.605109691619873 23
0.6737926006317139 22
1.6193063259124756 23
0.8743259906768799 24
5.017345666885376 23
3.462209463119507 25
0.8271999359130859 24
0.8532698154449463 23
0.384521484375 23
4.744121074676514 22
1.025728464126587 21
2.3001182079315186 23
0.45972275733947754 23
1.9055683612823486 25
3.074678421020508 24
0.45320558547973633 24
0.5419414043426514 25
1.3997230529785156 23
0.8462510108947754 22
7.258808135986328 24
1.1615900993347168 24
3.795596122741699 24
23.961737155914307 24
11.468505620956421 25
12.564425706863403 22
7.2267231941223145 23
0.512864351272583 20
11.691599369049072 24
3.6286520957946777 22
5.990935325622559 26
6.301260709762573 25
0.020554542541503906 22
2.714721202850342 20
0.608618974685669 23
3.948502779006958 23
0.6031043529510498 22
3.8326947689056396 23
0.09776020050048828 22
1.8393926620483398 24
13.525978803634644 24
3.979083776473999 25
16.66081666946411 24
1.1731204986572266 21
3.5003106594085693 22
0.5830504894256592 18
0.20504522323608398 22
1.059819221496582 22
4.239276647567749 24
3.118795871734619 23
0.684821605682373 23
0.24314665794372559 20
0.2556800842285156 23
0.6903362274169922 23
0.38702940940856934 21
29.602741956710815 25
60.34602427482605 22
0.34892892837524414 22
1.7682030200958252 23
3.318326711654663 23
1.6488864421844482 22
2.710709810256958 23
41.118879079818726 24
8.791885375976562 23
1.7506568431854248 24
0.6657702922821045 23
8.80341649055481 24
1.2959470748901367 22
21.4610857963562 23
1.7737181186676025 24
1.3230187892913818 22
0.16544032096862793 22
0.12232542037963867 23
0.7830820083618164 25
15.235024690628052 25
4.35057258605957 24
3.0842037200927734 24
3.3213348388671875 23
4.117452144622803 23
0.5735244750976562 23
1.8474135398864746 24
0.2732267379760742 23
0.09475207328796387 22
4.27587366104126 24
3.825676202774048 22
0.08071470260620117 22
0.10878944396972656 22
0.030080080032348633 20
0.023061037063598633 19
0.3699839115142822 23
4.013174772262573 22
0.1143028736114502 21
12.743898153305054 24
0.3113281726837158 22
2.052459716796875 24
32.20315861701965 22
18.6481032371521 23
0.8322134017944336 22
4.66793155670166 23
1.2653658390045166 23
0.49732279777526855 23
22.872844696044922 24
1.5345821380615234 24
4.808289527893066 25
11.037859916687012 24
0.1940157413482666 22
41.96562671661377 25
0.05263996124267578 21
7.434275150299072 24
0.032085418701171875 21
18.911804676055908 24
0.2812488079071045 22
0.15892362594604492 22
1.1681065559387207 22
4.94766092300415 24
1.948683261871338 23
1.8413975238800049 23
2.579862356185913 22
6.359917163848877 24
86.00227475166321 23
0.8312110900878906 22
8.24944281578064 25
1.0698461532592773 23
9.926904916763306 22
0.3985600471496582 22
62.445101261138916 24
1.0031683444976807 24
0.05263972282409668 21
5.020354270935059 25
0.48428797721862793 20
0.8287043571472168 23
5.557783126831055 23
2.2239158153533936 22
3.1558947563171387 23
3.072171449661255 24
0.663264274597168 24
0.8803417682647705 22
9.364408731460571 23
1.6052701473236084 24
0.038602590560913086 21
55.018847703933716 25
2.427456855773926 25
0.20905613899230957 21
0.03910374641418457 22
11.832975149154663 24
0.21808362007141113 22
9.295224905014038 24
5.915234088897705 22
2.636011838912964 23
0.9951465129852295 24
1.5410997867584229 25
0.2777385711669922 22
14.844485521316528 23
0.23813343048095703 24
0.2521708011627197 21
0.37549877166748047 24
1.9266245365142822 22
1.053802728652954 23
1.3144962787628174 24
4.33051872253418 23
3.196502447128296 25
0.2250988483428955 22
12.019470453262329 22
0.443178653717041 23
0.25517892837524414 22
9.462670087814331 25
1.1254932880401611 24
0.9229552745819092 20
12.506265640258789 24
0.3579518795013428 22
0.7991259098052979 23
31.350902795791626 25
0.7585172653198242 23
1.2402992248535156 23
4.290913343429565 24
0.7896003723144531 24
16.31439971923828 23
2.2204067707061768 22
0.27272486686706543 23
0.07118916511535645 22
8.539214134216309 25
8.006296157836914 23
1.2297706604003906 24
4.026716947555542 25
0.8061444759368896 23
35.59418296813965 22
0.22810673713684082 23
6.189965009689331 24
4.27637505531311 23
5.6730897426605225 22
17.666491746902466 25
4.691980361938477 24
1.566667079925537 23
0.772554874420166 22
0.605109453201294 24
4.672929763793945 24
0.9119253158569336 21
0.7204165458679199 22
1.161088466644287 23
0.1037755012512207 22
1.6528968811035156 23
4.565143346786499 24
0.29628777503967285 23
5.073495388031006 25
0.16594147682189941 23
7.357069253921509 25
3.7198946475982666 23
0.3504323959350586 21
18.24302577972412 23
1.1776323318481445 22
1.3335471153259277 22
5.978903293609619 20
10.945113182067871 24
2.7182302474975586 23
0.08823466300964355 22
0.19251203536987305 24
0.47325849533081055 21
1.0056750774383545 22
0.3043098449707031 24
0.8617920875549316 22
5.933282375335693 23
1.0658349990844727 21
0.36848020553588867 23
1.0648324489593506 22
1.5526301860809326 24
0.0381007194519043 18
3.210038900375366 24
0.21908259391784668 22
0.8838515281677246 23
6.986583709716797 22
3.0200328826904297 22
13.395632028579712 25
2.1381874084472656 24
0.4161069393157959 22
4.413239002227783 24
45.75170111656189 24
4.7787110805511475 24
0.5624961853027344 22
0.12182402610778809 23
0.10527992248535156 21
1.9707422256469727 23
2.4435055255889893 22
1.4924697875976562 23
4.947660684585571 24
0.4983253479003906 23
1.8599472045898438 17
1.2277657985687256 23
12.800548791885376 24
1.4578776359558105 24
0.528907060623169 23
11.289028406143188 20
0.3008003234863281 23
7.76465368270874 23
0.2807459831237793 22
5.762327194213867 25
5.72171950340271 23
1.022219181060791 23
13.562575817108154 23
7.425250768661499 23
28.032565355300903 24
1.5822086334228516 24
1.69801664352417 23
4.805281400680542 23
0.9209496974945068 24
6.962018251419067 24
0.2521708011627197 18
1.5170352458953857 23
0.03208518028259277 18
1.4032328128814697 24
0.20504546165466309 22
0.25868773460388184 20
0.22259211540222168 19
0.060160160064697266 20
16.357510089874268 25
2.7227425575256348 24
0.40006422996520996 23
5.714700698852539 24
2.6816372871398926 24
0.911423921585083 23
3.176950454711914 24
4.957687139511108 24
0.6908371448516846 23
9.926403760910034 24
0.3775038719177246 23
0.9630615711212158 24
0.8221867084503174 21
0.4707522392272949 21
1.547616720199585 22
0.09124279022216797 19
0.1910080909729004 21
2.7272543907165527 23
25.505343675613403 25
0.16243219375610352 23
0.2947843074798584 21
0.30380821228027344 25
1.4383254051208496 23
0.10427713394165039 20
44.27778077125549 26
1.5105178356170654 23
0.1559145450592041 21
49.50919222831726 26
0.5735259056091309 22
1.769707202911377 23
1.6097819805145264 23
0.5243949890136719 22
1.9948055744171143 22
0.07118940353393555 19
0.16142892837524414 21
6.639159679412842 25
0.3158400058746338 23
3.01401686668396 25
2.613952875137329 24
5.557282209396362 22
0.49431490898132324 23
51.2287654876709 25
9.697795867919922 23
1.2789015769958496 24
1.293440818786621 21
11.286020517349243 24
2.7137179374694824 24
9.374939441680908 24
0.4988267421722412 24
2.58487606048584 22
1.4102511405944824 23
0.025065898895263672 20
4.271361589431763 20
0.15541338920593262 21
0.27823972702026367 24
6.071149110794067 23
0.9770987033843994 21
0.007519960403442383 18
0.5584852695465088 25
0.2571840286254883 20
1.7666993141174316 22
1.8213832378387451 24
0.10778641700744629 24
0.6692800521850586 22
4.305953741073608 23
0.07570075988769531 22
8.301080226898193 22
2.4048969745635986 23
8.726211547851562 25
12.722340822219849 24
3.667254686355591 23
17.78530764579773 22
1.3380589485168457 23
0.5619947910308838 22
0.34892821311950684 21
12.342329502105713 24
0.6386988162994385 23
17.506065368652344 21
0.7073817253112793 23
4.633825778961182 24
0.29929637908935547 23
29.591718435287476 24
1.0167045593261719 22
0.08572816848754883 22
25.782580614089966 23
9.669219493865967 23
0.026069164276123047 19
0.4196162223815918 24
1.1104536056518555 22
0.07369589805603027 20
2.5242137908935547 25
4.7912445068359375 22
0.7565121650695801 23
5.326668739318848 25
1.514528512954712 22
3.2596707344055176 25
30.73224639892578 23
26.16710352897644 22
3.865281343460083 21
20.910120010375977 24
0.4847893714904785 24
0.3153386116027832 22
2.6976757049560547 24
0.42412805557250977 24
0.12984538078308105 23
1.340064287185669 22
5.423927068710327 24
4.124470472335815 24
5.061462879180908 24
0.8958828449249268 23
0.956043004989624 23
0.6196482181549072 24
1.11897611618042 24
0.02907729148864746 22
0.3007998466491699 21
3.558966875076294 24
2.4164273738861084 22
1.2919363975524902 24
1.8764913082122803 24
0.7635312080383301 22
29.930112600326538 21
2.038422107696533 24
1.949686050415039 23
1.035754919052124 23
0.04261350631713867 21
11.686084508895874 22
4.463873624801636 23
2.266528844833374 23
2.1146249771118164 23
0.016042232513427734 21
0.012032032012939453 14
0.22961091995239258 21
2.446507453918457 22
0.8016319274902344 23
6.6075758934021 24
0.7239255905151367 22
4.698998928070068 23
10.141977548599243 25
16.563558101654053 24
10.708484411239624 24
1.1209814548492432 24
1.401728630065918 23
0.4125971794128418 24
11.358713626861572 24
0.2010347843170166 22
0.6041066646575928 21
0.12533354759216309 22
0.06316781044006348 22
14.477509498596191 25
0.9008960723876953 20
6.932941436767578 24
0.21356868743896484 22
3.0044913291931152 23
0.31784582138061523 22
0.3023037910461426 21
1.0638301372528076 21
6.7795329093933105 25
0.08522701263427734 22
6.878295660018921 23
0.15190410614013672 22
3.3052926063537598 24
0.6532378196716309 23
13.2567617893219 22
13.199108839035034 25
8.384301900863647 24
19.83325505256653 26
1.3360538482666016 25
5.3722898960113525 25
2.0674993991851807 23
0.061162710189819336 21
7.65285587310791 24
5.848055124282837 23
1.8810033798217773 22
5.102071523666382 20
0.24515199661254883 23
0.021055936813354492 14
12.873743295669556 23
1.0738563537597656 24
10.438766717910767 24
7.742093563079834 23
0.6677761077880859 21
2.866123676300049 22
0.33088016510009766 21
5.735255241394043 24
0.6176426410675049 23
0.045621395111083984 16
1.9005556106567383 23
0.2010345458984375 22
1.493973970413208 23
0.6141338348388672 23
1.0397655963897705 23
20.976296424865723 23
18.927847146987915 23
0.43866658210754395 24
0.22610116004943848 23
0.2110614776611328 22
5.028374910354614 23
2.9483420848846436 24
0.8788375854492188 24
3.1960010528564453 23
0.3459203243255615 22
1.928128957748413 24
0.8868591785430908 23
0.9951467514038086 20
1.964726209640503 22
3.8577613830566406 22
0.2596909999847412 22
0.022058963775634766 20
0.3018021583557129 23
0.6487252712249756 23
0.050133466720581055 21
0.26119470596313477 21
0.2115626335144043 22
0.14689111709594727 18
3.64920711517334 24
1.9541983604431152 22
1.3405659198760986 22
8.968856573104858 22
17.744699954986572 24
0.48378634452819824 24
0.9094188213348389 25
0.0025064945220947266 11
1.0101869106292725 21
2.474080801010132 22
0.3529386520385742 23
0.1940164566040039 23
0.09074163436889648 21
0.015039920806884766 19
3.4872758388519287 23
0.45220255851745605 23
0.7855894565582275 23
0.05464506149291992 22
21.41145348548889 25
0.7464854717254639 22
13.219663619995117 23
0.2491624355316162 23
6.684279680252075 24
16.88240647315979 24
0.02456498146057129 20
0.11731243133544922 23
0.55246901512146 22
0.5198829174041748 22
3.6707637310028076 23
1.871978998184204 24
33.34068441390991 24
22.214087963104248 25
9.595022439956665 26
1.5887255668640137 22
5.688631296157837 23
0.1975255012512207 23
21.222952127456665 23
0.0867307186126709 23
1.0377600193023682 23
0.1799781322479248 23
0.3815150260925293 24
2.1111152172088623 22
0.7770669460296631 23
0.07068824768066406 22
1.0633282661437988 24
0.017045259475708008 21
3.3358733654022217 24
0.08823466300964355 23
12.3779296875 25
9.936430215835571 23
3.740950345993042 22
0.022058486938476562 20
0.055647850036621094 22
0.788597822189331 23
0.6943469047546387 24
0.0972588062286377 22
0.8051412105560303 23
1.19868803024292 22
3.547435760498047 24
44.57857918739319 25
0.5218884944915771 22
0.5765335559844971 21
0.49732279777526855 23
10.095353126525879 22
2.9643850326538086 24
5.695650339126587 23
3.557462692260742 22
0.22108793258666992 23
9.11123538017273 24
0.09926366806030273 21
6.972546577453613 23
3.6341664791107178 24
0.23813319206237793 21
2.41793155670166 24
2.209376811981201 23
0.23312020301818848 23
0.3459200859069824 22
0.28626132011413574 21
7.398179054260254 23
9.746932029724121 23
10.36457633972168 24
6.319810390472412 24
0.23963713645935059 22
1.3079798221588135 22
1.152064323425293 22
1.1525657176971436 23
13.15600061416626 25
3.5544543266296387 23
6.5734851360321045 24
23.609299659729004 23
3.083702325820923 22
4.000139951705933 23
1.2262616157531738 21
0.17145609855651855 23
2.484107494354248 23
7.466359853744507 23
2.1858136653900146 23
0.8958828449249268 21
47.29580879211426 22
3.663745403289795 23
0.33739733695983887 22
1.3671364784240723 23
0.38352012634277344 22
0.5519683361053467 24
6.71185302734375 22
1.506507396697998 23
0.3118293285369873 23
0.8542726039886475 24
26.631338596343994 24
0.6281712055206299 23
0.1458878517150879 22
5.888162136077881 25
0.17396259307861328 22
4.083361625671387 24
3.6527159214019775 24
0.03258705139160156 21
0.4025702476501465 22
4.568652629852295 22
12.024484634399414 21
1.2553393840789795 24
0.47676825523376465 24
2.8059635162353516 25
11.020814657211304 24
3.9710628986358643 25
0.9144322872161865 22
0.9836163520812988 23
4.922092437744141 24
18.842625379562378 25
0.05965852737426758 22
0.06467199325561523 19
0.692842960357666 22
20.539146184921265 25
0.5449495315551758 23
0.1694507598876953 22
4.701004505157471 24
0.4191148281097412 23
4.8905088901519775 24
0.7389655113220215 22
0.2456529140472412 24
1.5802030563354492 23
0.019551992416381836 21
3.65421986579895 22
0.7118935585021973 22
18.189884424209595 25
0.7635307312011719 25
2.9007158279418945 23
2.424950122833252 23
2.869131565093994 23
12.881765127182007 26
2.2805659770965576 25
0.4025709629058838 21
1.7672004699707031 23
43.42500877380371 24
27.469066381454468 24
0.3469223976135254 23
0.2637014389038086 24
0.059157371520996094 20
0.047626495361328125 21
1.0949122905731201 24
0.8061442375183105 23
2.727755308151245 22
1.0101873874664307 23
0.4301440715789795 23
3.422102689743042 23
0.21908259391784668 23
6.122786045074463 24
0.21256542205810547 17
0.4025709629058838 23
0.9826135635375977 23
0.1869969367980957 22
0.09425091743469238 21
1.614795446395874 22
0.44919514656066895 22
2.239957809448242 24
2.1266567707061768 23
4.577676296234131 23
1.5977497100830078 23
7.841358184814453 24
1.0873920917510986 22
0.937995195388794 23
2.939819574356079 23
4.662402629852295 23
1.2242553234100342 24
2.9312965869903564 24
25.05464458465576 25
0.9194455146789551 22
8.94629693031311 24
36.06743788719177 24
1.686486005783081 20
10.91453218460083 23
5.841538190841675 23
2.527221918106079 25
4.126977920532227 24
3.4216012954711914 25
1.7381229400634766 24
0.1874985694885254 21
0.1524055004119873 20
2.8445663452148438 24
0.5970878601074219 22
9.076643705368042 24
0.19201064109802246 23
5.252971410751343 24
6.6567113399505615 20
7.21017861366272 23
0.22610139846801758 22
0.19201064109802246 23
0.7590188980102539 23
5.750796794891357 22
0.023061037063598633 20
0.18900370597839355 22
0.11881566047668457 21
0.13435745239257812 22
1.0172052383422852 23
0.5534720420837402 21
7.479896306991577 24
2.4936327934265137 25
2.580864667892456 23
0.6512324810028076 23
3.0375800132751465 23
0.2321174144744873 23
4.173601388931274 22
0.05815434455871582 20
0.3785066604614258 23
1.5310721397399902 22
0.18298697471618652 23
49.439005851745605 24
1.5812060832977295 24
1.3124911785125732 23
0.5459518432617188 21
1.0377604961395264 23
0.7194137573242188 23
38.47784948348999 24
1.0447790622711182 23
1.1044373512268066 23
2.2344436645507812 23
23.397241353988647 24
0.2667088508605957 23
4.0813562870025635 25
3.873302936553955 24
0.42061853408813477 23
0.3404052257537842 23
45.41680669784546 24
5.535724401473999 25
10.521987915039062 24
9.722360849380493 22
5.235431432723999 25
0.7244267463684082 22
26.09140181541443 23
51.76118230819702 24
0.1107950210571289 22
0.739466667175293 24
4.181121587753296 24
2.9633824825286865 24
5.690635442733765 24
6.098222970962524 24
0.391040563583374 21
1.8258566856384277 22
1.614795207977295 24
0.08121538162231445 22
0.4120962619781494 23
0.4612257480621338 23
9.993081092834473 23
1.2884273529052734 21
16.718469619750977 24
0.05063462257385254 21
19.050172805786133 25
3.0997447967529297 24
0.3875308036804199 22
0.2426455020904541 23
0.9570455551147461 24
6.054103374481201 24
0.176469087600708 21
1.1410348415374756 23
6.403031826019287 23
0.7274351119995117 23
0.47025084495544434 22
1.0683417320251465 24
7.120941162109375 23
0.6116266250610352 22
0.42162156105041504 22
4.670923948287964 24
12.390961170196533 25
3.5674891471862793 24
0.055648088455200195 21
0.742976188659668 22
4.253814935684204 25
8.652515172958374 24
0.3128321170806885 21
2.439488649368286 24
0.1072852611541748 23
0.19000554084777832 23
4.720054864883423 24
0.3193492889404297 21
1.1956803798675537 22
0.6692802906036377 24
7.537047624588013 25
7.91254734992981 24
3.6141133308410645 24
4.014177322387695 22
1.7431366443634033 23
0.21557331085205078 21
3.3714685440063477 22
1.1455464363098145 23
0.5665068626403809 24
4.26985764503479 23
0.016042709350585938 20
0.3288745880126953 22
1.0969181060791016 23
0.6843204498291016 22
0.08873605728149414 22
0.13636255264282227 21
1.165600299835205 23
5.468044757843018 22
3.459702253341675 25
9.445123672485352 23
0.16193079948425293 21
0.10327434539794922 21
6.274188995361328 24
0.4501974582672119 23
0.5835521221160889 22
0.3855254650115967 24
0.5639996528625488 22
6.4571757316589355 24
0.014037132263183594 10
0.1945173740386963 22
2.303126335144043 24
5.867607355117798 25
1.9421658515930176 23
43.57089686393738 25
5.265506029129028 22
5.4725565910339355 23
30.480576992034912 25
0.04913067817687988 23
0.5213868618011475 21
27.412415742874146 23
2.7082037925720215 25
0.3323843479156494 24
0.2697172164916992 23
0.12382936477661133 20
0.529909610748291 23
8.099544286727905 25
13.487375736236572 24
0.11029338836669922 22
0.11380219459533691 18
4.359596014022827 25
0.02456521987915039 20
0.1213228702545166 23
3.0741770267486572 22
3.667254686355591 25
0.20304012298583984 21
2.3873496055603027 23
1.4207792282104492 22
1.760683298110962 22
2.238955497741699 23
1.3450779914855957 21
10.106382608413696 22
0.06467199325561523 20
0.9735898971557617 23
0.7479894161224365 22
8.754787683486938 23
1.3671362400054932 23
0.37650132179260254 23
0.3368961811065674 23
3.938476324081421 22
15.94140338897705 26
1.060821533203125 24
1.3987197875976562 25
0.5198829174041748 24
0.41360020637512207 24
0.2637012004852295 23
14.197263956069946 25
1.273888349533081 24
16.73601746559143 23
0.12533354759216309 21
0.38001084327697754 23
5.723725080490112 24
7.5189995765686035 25
3.2551586627960205 21
0.7775683403015137 22
3.1548917293548584 23
0.7319469451904297 22
1.523552656173706 22
2.1838088035583496 24
5.6720874309539795 24
0.9500269889831543 22
1.6092803478240967 25
0.17296051979064941 22
0.14087438583374023 22
0.31433582305908203 23
2.689152956008911 25
1.197685956954956 23
0.2606933116912842 23
1.1099522113800049 24
0.4958186149597168 23
11.041369438171387 23
0.1940157413482666 22
11.656506061553955 24
0.03609609603881836 21
3.0019850730895996 23
4.798263072967529 24
1.9722461700439453 24
0.009525299072265625 19
1.4298033714294434 26
4.572161674499512 23
0.15390920639038086 21
2.212886095046997 22
0.049130916595458984 20
32.89048719406128 24
3.639681339263916 24
0.19551992416381836 21
6.192471742630005 22
0.0902397632598877 23
13.874906778335571 24
6.759479761123657 24
13.338980674743652 24
1.9316380023956299 24
0.4271359443664551 22
1.7255897521972656 22
0.20855474472045898 23
0.938997745513916 22
1.4242887496948242 22
15.209957838058472 24
0.006517648696899414 20
4.360599040985107 23
3.817654848098755 25
0.09976530075073242 21
0.5243947505950928 22
2.0735154151916504 22
0.759019136428833 24
0.08372282981872559 21
15.665168523788452 24
1.4628911018371582 24
1.2673711776733398 24
0.36948251724243164 21
1.2643632888793945 23
4.487436294555664 25
1.2778990268707275 23
0.11480545997619629 23
9.163875579833984 24
21.437021493911743 24
0.3734934329986572 22
0.10026669502258301 20
3.136342763900757 25
0.04712533950805664 22
7.908034801483154 24
3.769526481628418 25
0.1799788475036621 24
2.9247796535491943 23
0.43214917182922363 21
0.14087438583374023 24
0.6376955509185791 23
0.12433052062988281 22
5.453004360198975 23
0.2591893672943115 21
3.097238302230835 24
0.19852805137634277 22
11.848516464233398 23
5.262999534606934 22
0.1874985694885254 22
0.0867307186126709 22
0.8492588996887207 21
0.012032032012939453 17
0.28676295280456543 23
0.5233917236328125 22
6.302765130996704 21
0.13987183570861816 21
0.8577814102172852 23
5.071991205215454 25
0.26470422744750977 22
7.6663923263549805 24
1.6338460445404053 22
0.5624964237213135 21
0.05514669418334961 23
9.963502407073975 24
17.39176106452942 22
1.6764593124389648 22
0.11731195449829102 22
0.4156055450439453 22
0.5078508853912354 23
9.741913080215454 23
2.276555299758911 23
0.16844773292541504 22
0.30330681800842285 21
0.3043091297149658 22
2.553792715072632 22
0.13435721397399902 21
0.34140777587890625 21
0.7118935585021973 24
0.7519998550415039 21
1.1445443630218506 23
4.292918920516968 24
0.8021335601806641 22
1.3049712181091309 20
0.329376220703125 22
0.5098562240600586 24
0.14338135719299316 23
4.68796968460083 24
0.10979223251342773 22
2.173781633377075 25
11.287022829055786 23
0.06066179275512695 23
2.0394246578216553 23
2.7187318801879883 24
0.05865597724914551 20
0.24414920806884766 22
2.1637556552886963 24
